5001
5236
5103
5265
5082
5508
5130
5011
5600
5170
5617
5525
5060
5258
5141
5397
5499
5249
5311
5362
5488
5455
5051
5118
5419
5109
5420
5392
4918
5307
5490
5614
5318
5397
5560
5222
5316
5326
4945
5281
5366
5435
5454
5276
5467
5386
5454
5126
5652
5481
5180
5547
5162
5174
5594
5278
5146
5279
5257
5461
5007
5124
5217
5035
5057
5030
5518
5246
5452
5334
5746
5468
5068
5695
5764
5173
5728
5340
5242
5509
5413
5397
5242
5271
5325
5051
5313
5328
5057
5313
5185
5567
5324
5288
5277
5439
5100
5795
5261
5054
5421
5209
5440
5361
5068
5307
5527
5192
5200
4981
5553
5340
5507
5352
5052
5489
5462
5654
5466
5448
5508
5279
5377
5196
5246
5389
5575
5580
5314
5129
4966
5016
5543
5498
5265
5152
5441
4967
5476
5700
5221
5183
5465
5720
5617
5488
5479
5450
5599
5423
5266
5120
5484
5613
5339
5321
5274
5435
5149
5515
5425
5197
5085
5586
5160
5609
5383
5235
5363
5225
5702
5381
5214
5254
5560
5492
5391
5088
5359
5317
5398
5277
4980
5515
5149
5520
5102
5235
5551
5374
5055
5319
5575
5257
5502
5376
5670
5232
5148
5077
